# Lx filling(=n/2) BCx num_electrons(=nup=ndown) chemi_potential ene ene_dens gap shell_cond
4 0.25 P 1 -1.0 -2.0 -0.5 2.0 closed
8 0.25 P 2 -1.41421356237 -3.41421356237 -0.426776695297 0.0 open
12 0.25 P 3 -1.36602540378 -5.46410161514 -0.455341801261 0.732050807569 closed
16 0.25 P 4 -1.41421356237 -7.10973169242 -0.444358230776 0.0 open
20 0.25 P 5 -1.39680224667 -9.04029404268 -0.452014702134 0.442463484165 closed
24 0.25 P 6 -1.41421356237 -10.7420184827 -0.447584103444 0.0 open
28 0.25 P 7 -1.40532128433 -12.6309130502 -0.451104037507 0.316683361219 closed
32 0.25 P 8 -1.41421356237 -14.3587512632 -0.448710976976 0.0 open
36 0.25 P 9 -1.40883205281 -16.2262808828 -0.450730024522 0.246513666865 closed
40 0.25 P 10 -1.41421356237 -17.9692870642 -0.449232176605 0.0 open
44 0.25 P 11 -1.4106103083 -19.8237980721 -0.450540865276 0.201777680818 closed
48 0.25 P 12 -1.41421356237 -21.5767294194 -0.449515196237 0.0 open
52 0.25 P 13 -1.41163340641 -23.4224702957 -0.450432121071 0.170776179861 closed
56 0.25 P 14 -1.41421356237 -25.1824055703 -0.449685813755 0.0 open
