# Lx filling(=n/2) BCx num_electrons(=nup=ndown) chemi_potential ene ene_dens gap shell_cond
4 0.25 AP 1 -1.41421356237 -1.41421356237 -0.353553390593 0.0 open
8 0.25 AP 2 -1.30656296488 -3.69551813005 -0.461939766256 1.08239220029 closed
12 0.25 AP 3 -1.41421356237 -5.27791686753 -0.439826405627 0.0 open
16 0.25 AP 4 -1.38703984532 -7.24901957082 -0.453063723176 0.551798758566 closed
20 0.25 AP 5 -1.41421356237 -8.92899302151 -0.446449651075 0.0 open
24 0.25 AP 6 -1.4021147693 -10.8347109367 -0.451446289029 0.369183822565 closed
28 0.25 AP 7 -1.41421356237 -12.5514925201 -0.448267590003 0.0 open
32 0.25 AP 8 -1.40740373753 -14.4282271205 -0.450882097514 0.277234338398 closed
36 0.25 AP 9 -1.41421356237 -16.1645349852 -0.4490148607 0.0 open
40 0.25 AP 10 -1.40985401393 -18.0248516664 -0.45062129166 0.22191583454 closed
44 0.25 AP 11 -1.41421356237 -19.7732893067 -0.449392938788 0.0 open
48 0.25 AP 12 -1.41118562258 -21.6230259778 -0.450479707871 0.184987984758 closed
52 0.25 AP 13 -1.41421356237 -23.3797372687 -0.44961033209 0.0 open
56 0.25 AP 14 -1.41198874284 -25.222084575 -0.45039436741 0.158591173862 closed
