# Lx filling(=n/2) BCx num_electrons(=nup=ndown) chemi_potential ene ene_dens gap shell_cond
4 0.5 P 2 -1.22464679915e-16 -2.0 -0.5 0.0 open
6 0.5 P 3 1.66533453694e-16 -4.0 -0.666666666667 2.0 closed
8 0.5 P 4 -1.22464679915e-16 -4.82842712475 -0.603553390593 0.0 open
10 0.5 P 5 -1.11022302463e-16 -6.472135955 -0.6472135955 1.2360679775 closed
12 0.5 P 6 -1.22464679915e-16 -7.46410161514 -0.622008467928 0.0 open
14 0.5 P 7 -1.11022302463e-16 -8.98791841487 -0.641994172491 0.890083735825 closed
16 0.5 P 8 -1.22464679915e-16 -10.0546789843 -0.628417436516 0.0 open
18 0.5 P 9 -1.11022302463e-16 -11.5175409663 -0.639863387016 0.694592710668 closed
20 0.5 P 10 -1.22464679915e-16 -12.6275030294 -0.631375151468 0.0 open
22 0.5 P 11 -1.11022302463e-16 -14.0533483667 -0.638788562121 0.569259353093 closed
24 0.5 P 12 -1.22464679915e-16 -15.1915082255 -0.632979509394 0.0 open
26 0.5 P 13 -1.11022302463e-16 -16.5924596211 -0.638171523889 0.482146721021 closed
28 0.5 P 14 -1.22464679915e-16 -17.7504909499 -0.633946105355 0.0 open
30 0.5 P 15 -1.11022302463e-16 -19.133544467 -0.637784815567 0.418113853071 closed
32 0.5 P 16 -1.22464679915e-16 -20.3063407752 -0.634573149226 0.0 open
34 0.5 P 17 -1.11022302463e-16 -21.6759028949 -0.637526555733 0.369073437853 closed
36 0.5 P 18 -1.22464679915e-16 -22.8601046055 -0.635002905709 0.0 open
38 0.5 P 19 1.11022302463e-16 -24.2191311709 -0.637345557128 0.330317381889 closed
40 0.5 P 20 -1.22464679915e-16 -25.4124094723 -0.635310236809 0.0 open
42 0.5 P 21 -1.11022302463e-16 -26.7629799993 -0.637213809507 0.298920374346 closed
44 0.5 P 22 -1.22464679915e-16 -27.9636539102 -0.635537588868 0.0 open
46 0.5 P 23 -1.11022302463e-16 -29.3072870872 -0.637114936678 0.272969653459 closed
48 0.5 P 24 -1.22464679915e-16 -30.5141033765 -0.635710487011 0.0 open
