# Lx filling(=n/2) BCx num_electrons(=nup=ndown) chemi_potential ene ene_dens gap shell_cond
4 0.5 AP 2 -1.11022302463e-16 -2.82842712475 -0.707106781187 2.82842712475 closed
6 0.5 AP 3 -1.22464679915e-16 -3.46410161514 -0.57735026919 0.0 open
8 0.5 AP 4 -1.11022302463e-16 -5.22625185951 -0.653281482438 1.53073372946 closed
10 0.5 AP 5 -1.22464679915e-16 -6.15536707435 -0.615536707435 0.0 open
12 0.5 AP 6 -1.11022302463e-16 -7.72740661031 -0.643950550859 1.03527618041 closed
14 0.5 AP 7 -1.22464679915e-16 -8.76257253507 -0.625898038219 0.0 open
16 0.5 AP 8 -1.11022302463e-16 -10.251661791 -0.640728861935 0.780361288065 closed
18 0.5 AP 9 -1.22464679915e-16 -11.3425636392 -0.630142424402 0.0 open
20 0.5 AP 10 -1.11022302463e-16 -12.784906443 -0.63924532215 0.625737860161 closed
22 0.5 AP 11 -1.22464679915e-16 -13.9103055435 -0.632286615616 0.0 open
24 0.5 AP 12 3.33066907388e-16 -15.3225951511 -0.638441464628 0.52210476888 closed
26 0.5 AP 13 -1.22464679915e-16 -16.471481909 -0.633518534961 0.0 open
28 0.5 AP 14 -1.11022302463e-16 -17.8628085408 -0.637957447884 0.447857904413 closed
30 0.5 AP 15 -1.22464679915e-16 -19.0287289084 -0.634290963615 0.0 open
32 0.5 AP 16 -1.11022302463e-16 -20.4045944748 -0.637643577336 0.392068561318 closed
34 0.5 AP 17 -1.22464679915e-16 -21.5834373145 -0.634806979839 0.0 open
36 0.5 AP 18 -1.11022302463e-16 -22.9474264913 -0.637428513648 0.348622970991 closed
38 0.5 AP 19 -1.22464679915e-16 -24.136410559 -0.635168698921 0.0 open
40 0.5 AP 20 -1.11022302463e-16 -25.4909896864 -0.637274742159 0.313836382911 closed
42 0.5 AP 21 -1.22464679915e-16 -26.6881452792 -0.635432030457 0.0 open
44 0.5 AP 22 -1.11022302463e-16 -28.0350840914 -0.637161002077 0.285356732797 closed
46 0.5 AP 23 -1.22464679915e-16 -29.2389650366 -0.635629674708 0.0 open
48 0.5 AP 24 -1.11022302463e-16 -30.5795765974 -0.637074512445 0.261612516921 closed
